p:2.000000
q:1.000000
Random Walk from Node 0: 0 0 0 0 0 0 0 0 0 0 
